<html lang="ru">
<head>
<title>Герои Мордовии</title>


</head>

<body>

<div class="map">
<svg viewbox="0 0 1140 800">
path class="part" d="m 570.12192,373.74991 0.8766,-0.375 0,0.1266 0.49919,0.1242 0.6258,-0.375 0.1242,0.2508 0.2508,0 0.1242,0.375 0.75,0.1242 0.62579,-0.1242 0,0.1242 0.1242,-0.1242 0,0.1242 0.2508,0 0,0.1242 0.2484,-0.1242 0.2508,0.1242 0,0.1266 0.2508,-0.1266 0,0.1266 0.1242,-0.1266 -0.2508,-0.4992 0,-0.8742 4.62658,-1.37579 -1.62659,-2.50079 0,-0.375 3.62578,-3.24839 -2.74919,-7.75077 0.375,-0.1242 0.2484,-0.37499 0.2508,0.1242 0.1242,-0.1242 0,0.1242 0.2508,-0.1242 0,-0.1266 0.375,-0.1242 0,-0.1242 0.1242,0 0,0.1242 0.375,-0.2508 0,-0.375 1.75079,-0.8742 0,-0.2508 0.2508,0 -0.375,-0.99839 3.74998,-1.87499 0.6234,-1.875 -0.2484,-0.74999 0.1242,0 0,-0.1266 -0.1242,0 0,-0.1242 -0.1266,0 -0.1242,-0.2508 -0.74999,0 0.375,-0.4992 2.74918,0.1242 0.2508,-2.49839 -0.87419,-4.75078 1.49999,-0.75 0.8742,-0.375 0,-0.1242 0.375,0 0,-0.1266 0.25079,-0.1242 0,-0.1242 0.1242,0 0,-0.12659 0.6258,-0.2484 0,-0.1266 0.1242,0.1266 0,-0.1266 0.1242,0 0,0.1266 0.2508,0 0,-0.1266 0.2508,-0.1242 0,0.1242 0,-0.1242 0.1242,0 0,0.1242 0.1242,0 0,-0.1242 0.1266,0 0,-0.1242 0.2484,0.1242 0.1266,-0.2508 0,0.1266 0,-0.1266 1.12499,-0.1242 0.375,0.2508 0,0.2484 0.2484,0 0.1266,0.50159 1.24919,0.375 0.1242,-0.1266 1.0008,0.2508 0.4992,0.1242 -0.1242,0.2508 0.1242,0 0,0.1242 0.1266,0 -0.375,0.2508 0,0.1242 0.1242,0 -0.1242,0 0,0.2508 -0.1266,-0.1242 0,0.1242 -0.1242,0 0,0.1242 0.1242,0 -0.1242,0.75 -0.1242,0.37499 0.2484,0.375 -0.1242,0.2508 0.2508,1.0008 0.375,0.1242 0.49919,0.375 -0.1242,0.87419 0.375,0.5016 1.0002,0.2484 0.372,-0.1242 -0.246,-1.2492 0.624,-1.00079 -0.378,-1.75079 -0.372,-0.2484 -0.501,-1.3758 -0.1242,0 0,-0.4992 0.1242,0 0.2508,1.125 0.7482,0.9984 1.00199,-0.4992 0.126,0.375 0.75,0.1242 0.75,-0.6234 0.372,0.375 -0.246,0.37499 0.12,0.4992 -0.372,0.2508 -0.252,0.9984 -0.246,0.375 0.246,1.00079 0.252,0.1242 0,-0.1242 0.126,0.1242 0,-0.1242 0.246,0.1242 0,0.375 0.126,0 0,0.375 -0.126,0 0,0.1266 -0.12,0 -0.126,0.375 -0.378,0.1242 0,0.1242 -0.126,0 0.126,1.00079 0.378,0.75 2.12399,0.375 0.87599,-2.37419 -0.37799,-2.12579 -0.246,-3.87419 -0.126,-0.2508 2.12399,0.375 0.498,-2.74919 0.378,-0.1266 0,-0.1242 0.126,0 0.24599,-0.375 0.126,0 0,-0.1242 0.126,0 0,-0.1266 0.498,-0.24839 0,-0.1266 0.378,-0.1242 0.246,-0.4992 0.876,-0.2508 0.126,-0.2508 0.12599,0 0,-0.1242 0.252,-0.1242 0,-0.1266 0.372,-0.1242 0,-0.1242 0.252,0 0,-0.1266 0.126,0 0,-0.2484 0.12,0 -0.12,0 0,-0.12659 0.12,0 0,-0.2484 0.252,-0.1266 0,-0.1242 0.126,0 0.252,-0.375 0.12,0 -0.12,0.2508 0.12,0 0,-0.2508 0.126,0.1242 0,-0.2484 0.252,0 0,-0.1266 0.25199,0 0,-0.2484 0.498,-0.1266 0,-0.1242 0.372,-0.1242 0.126,-0.2508 0.378,-0.1242 0.498,-0.375 0.498,-0.12659 0.50399,0.74999 -0.126,0.1266 0.126,0.2484 0.126,0 0,0.2508 0.372,0.2508 0,0.1242 -0.252,0 0,0.1242 0.378,0.1266 0.126,-0.1266 0.246,0.1266 0,0.1242 0.252,0 0,0.1242 0.126,0 0,0.1266 0.372,0.1242 0,0.1242 0.126,0 0,0.12659 0.126,0 0,0.375 0.12599,-0.375 0.252,-0.12659 0.12,-0.4992 0.876,-1.0008 5.00398,-0.8742 2.87399,-5.12577 0.246,-1.3734 0.252,0.1242 0,-0.1242 0.126,0.1242 0.74999,-0.1242 0,-0.1266 0.252,-0.1242 0,0.1242 0.246,-0.1242 0.876,0.2508 0.126,0.2484 0,-0.1242 0.126,0.1242 -0.624,1.37579 0.12,0.6258 0.378,-0.1266 0.252,0.5016 0.74999,0.1242 -0.252,0.375 -0.49799,0 -1.002,0.375 -0.498,1.62419 -0.252,0.1266 -0.126,0.375 0.252,0.74999 1.248,-0.37499 0.378,0.62339 -0.75,0 -0.75,0.5016 -0.252,0.6234 0.624,1.49999 1.128,-0.37499 1.99799,1.62659 -0.126,0.2484 0.378,0.2508 -0.63,0.49919 -1.248,0.375 -1.87199,-0.375 0.12,0.75 1.5,0.6258 -0.12,1.87499 2.24999,-0.375 0.372,0.375 0.37799,0.75 1.374,-1.87499 -1.5,-3.62579 0.75,-6.99837 -0.876,-4.25158 1.374,-0.2484 1.24799,4.74838 0.63,8.62496 1.99799,0 0.876,0.375 0.876,-0.75 1.12199,0 -0.126,-0.37499 -0.74999,0.1266 -0.246,-0.2508 -1.38,-0.1242 0.126,-0.5016 0.378,0.1266 0,-0.2508 0.624,-0.1242 0,0.1242 0.126,0 0,-0.1242 0,0.1242 0.62399,-0.1242 0.372,0.2484 0,-0.1242 0.126,0 0,0.1242 0.252,0 0,0.1266 0.372,0 0,-0.1266 0.378,0.2508 0.126,0 0,0.2508 0.372,-0.8766 -0.126,-0.375 0.74999,-0.375 -0.246,-0.37499 -1.62599,0 0.876,-2.99999 -0.378,-0.9984 0.378,-0.6258 0.87599,0 0,-0.74999 -0.37799,-0.375 -0.498,0.1242 -0.378,-0.6234 -0.372,-0.2508 -0.126,0.375 -0.87599,0.75 -0.252,-0.2508 0.252,-1.2492 0.62399,-0.4992 -0.498,-0.74999 -1.75199,1.12499 0.126,-0.50159 -1.99799,0.62579 -0.876,-3.37498 3.12599,0.37499 0.246,-1.49999 -0.372,-0.8742 -4.49998,-0.25079 0,-1.7508 -1.374,-0.6234 -2.24999,-2.62499 0,-1.75079 -0.378,-0.4992 -1.99799,-0.87659 -0.624,-1.2492 2.376,-2.24999 0.12,-1.12499 0.25199,-0.4992 2.62799,0.74999 -0.252,1.9992 -0.37799,0.2508 -0.12,0.62339 0.86999,0.2508 0.504,0.6258 1.49999,-0.1266 0,0.1266 0.876,0.375 0.246,0.75 0.504,0.24839 1.61999,-2.74918 1.752,2.37419 4.00198,-1.875 0.498,1.0008 -1.122,1.0008 0.372,2.12339 0.378,0.62579 0.99599,-0.1242 0.126,0.2484 0.876,-0.1242 0.75,-0.49919 0.252,0.37499 0.12,0 0.126,0.2484 0.25199,0 0,0.2508 1.998,0.75 0,0.1242 0.126,0 -1.626,0.8766 0.126,0.1242 -0.372,0 -0.37799,0.87419 3.37798,0.8766 0.996,-1.3758 0,-0.1242 0.126,0 0.252,0.375 0.126,0 0,0.1242 0.12,0 0,0.375 0.25199,0 0,0.2508 0.126,0 0.252,0.6234 0.372,0 0,0.1266 0.126,0 0,0.1242 0.126,0 0,0.1242 0.126,0 0,0.1266 0.246,0 0,0.24839 0.126,0 0.126,0.375 0.126,0 0,0.1266 0.246,0 0,0.1242 0.126,0 0,0.1242 0.126,0 0.25199,0.75 0.126,0 0.12,0.2508 0.252,0 0,0.2508 0.624,-0.2508 5.37598,-3.49919 2.24999,-1.25159 3.12599,-1.125 0.49799,0.6258 0.75,1.99919 1.87799,-1.24919 1.5,3.37498 1.62599,-0.1242 0.75,-0.375 1.24799,1.6242 0.252,0.1242 0.624,0.87659 1.62599,1.7484 0.246,-0.1242 0,-0.2508 0.378,-0.2484 0.246,0.375 0.126,-0.1266 0.75,0.6258 -0.126,0.49919 0.62999,0.1266 0.372,0.4992 0.378,0.2508 0,0.2484 0.12,0 0.126,0.6258 0.126,0 0,0.1242 0,-0.1242 0.378,0.87419 0.12,0 0,0.1266 0.63,0.375 0.12,0.2484 0.37799,0.1266 0,0.1242 1.248,0.8742 0.504,0 0.12,1.75079 0.126,0.4992 0.62399,0.1266 0.63,0.87419 0.246,-0.1242 0.378,1.6242 0.74999,0.62579 0.372,0.4992 0.252,0 0,0.1242 0.126,0 -1.00199,1.5 0.25199,0.25079 0.126,-0.1242 0.372,0.1242 1.002,-1.24919 0,-0.2508 0.246,0.1242 -0.12,1.87499 -0.126,0.375 -0.624,-0.2484 -0.126,0.375 0.246,0.1242 -0.246,0.375 0.246,1.12499 -0.12,0.6258 0.498,0.4992 0.75,-0.6258 0.62399,-0.2484 1.128,0.8742 -0.126,0.75 -0.75,0.2508 -0.50399,11.24995 -0.498,0.1242 -0.876,0.75 -1.24799,1.99919 -0.252,1.25159 -0.246,0 -0.252,-0.37499 0.126,-0.2508 -0.126,-0.8742 -0.624,0.1242 -0.252,0.4992 -0.498,-0.1242 -0.62399,0.2508 -0.876,0.99839 -0.126,0 0.498,2.24999 -0.246,0.375 -0.252,0 0,0.1266 -1.002,-0.1266 -0.37199,-0.1242 0,-0.1242 -1.128,0.1242 -0.372,0.2508 -0.624,1.99919 -0.126,0 0,0.2508 -0.25199,0.1242 0,0.1242 -0.126,0 0,0.1266 -0.126,0 0,0.1242 -0.996,0.1242 -0.252,-0.1242 0,-0.1242 -0.126,0 0,-0.1266 -0.126,0 -0.62399,-2.62499 -1.374,-0.87419 -0.75,-0.1242 -0.87599,0.37499 -0.624,-0.12659 -0.876,0.50159 -1.74599,-0.375 0,0.1242 0.246,0 0.126,1.2492 -0.372,0 0,-0.1242 -1.62599,0.1242 -0.624,1.37579 -0.252,2.1258 -0.126,0 -0.372,0.62339 -4.49998,2.99999 -0.378,-0.1242 -1.37399,-1.87499 -0.876,-0.4992 -1.49999,-0.1266 -0.372,-0.2484 -0.126,-0.5016 0.126,-0.37499 0.12,0 -0.12,-1.5 -0.504,-0.87419 -0.246,0 0,-0.1242 -0.504,0 0,0.1242 -0.126,0 0,0.1242 -0.12,0 -0.37799,1.00079 -0.876,0.4992 -0.372,0.8766 -0.252,0.62339 -0.372,0.2508 0,0.1242 -1.00199,0 0,-0.1242 -0.75,0 -1.002,-0.4992 0,-0.37499 -0.12599,0 0,-0.1266 0.12599,0 0,-0.375 -0.24599,-0.375 -0.126,-1.125 -0.126,-0.49919 -0.378,0.1242 -0.624,-0.1242 -0.372,0.1242 0,0.12659 -0.126,0 0.252,0.9984 0.12,0 -0.12,0.2508 -0.252,0.1242 -0.624,-0.1242 -1.37399,0.2508 -0.504,0.375 -0.74999,1.74839 -0.498,0.8766 -1.626,4.62418 -0.126,0 0,0.375 -0.12599,0 0,0.37499 -0.12,0 0,0.1242 -0.126,0 0,0.2508 -0.126,0 -0.126,0.375 -0.126,0.4992 -0.126,0 0,0.1266 -0.12,0 -0.126,0.375 -0.252,0.375 -0.126,0 0,0.1242 -0.624,0.37499 -0.126,0.2508 -0.246,0.1242 0,0.2508 -0.25199,0.1242 0,0.375 -0.126,0 0,0.1242 -0.126,0 0,0.1266 -0.126,0 0,0.2484 -0.246,0.1266 0,0.1242 -0.252,0 0,0.1242 -0.126,0 0,0.1266 -0.126,0 -0.12,0.2484 -0.504,-0.4992 1.128,-0.6258 1.24799,-1.49999 0,-0.1242 -0.74999,0.62579 -0.126,-0.1266 0,0.1266 -0.372,-0.375 -0.378,0.375 -0.996,-1.12499 -0.252,0.2484 -0.87599,-0.8742 -0.372,0.2508 -0.252,0.375 0.252,0.2484 -0.252,0.375 -0.126,-0.1242 -0.252,0.37499 -0.246,-0.25079 0.126,0 -0.378,-0.375 -0.126,0.1266 -0.74999,-0.6258 1.49999,-0.4992 0.378,-0.2508 0.372,0 0.624,-0.4992 0.252,-0.37499 0.49799,-0.1266 0,-0.6234 -0.74999,-0.6258 0,-0.1242 -1.746,0.75 0,-0.1266 1.248,-0.9984 0.378,-0.50159 0,-0.2484 -0.876,-0.1266 -0.624,-0.4992 -0.62999,-0.1242 -0.12,0.1242 -0.504,-0.1242 -1.5,1.24919 -0.62399,0.8742 -0.498,1.125 0,0.74999 -0.378,0 -0.498,-0.4992 -0.378,-1.75079 -0.372,0 1.248,-0.74999 -0.372,-1.5 -1.00199,0.6258 -0.75,1.12499 -0.126,0 0,0.375 -0.126,0 0.252,0.75 1.12799,0.8742 0.246,1.75079 0.126,0 0.126,0.375 0.372,0.62579 0,0.1242 0.126,0 0,0.6258 -1.248,1.6242 0,0.74999 0.372,1.125 -0.246,4.00078 -0.62399,1.5 -0.252,0 0,0.1242 -1.5,0.1242 0,0.12659 -0.62399,0.1242 -0.252,0.375 -0.126,0 -0.876,1.6242 -0.246,0.1266 0,0.24839 -0.126,0 -0.378,0.75 -0.37199,1.62659 -0.126,0 -0.372,0.4992 -0.126,0 0,0.1242 -0.876,0.2508 -0.498,0.375 -0.62999,1.0008 -0.12,0 0,0.1242 -0.75,0.49919 0,0.1266 -2.00399,0.2484 0,0.1266 -0.624,0.375 -0.126,0.375 -0.126,0 0,0.75 0.126,0 0.126,0.49919 0.126,0 0,0.1242 0.126,0 0.246,0.375 0.75,0.6258 1.00199,1.24919 0.252,1.3758 -1.25399,3.25079 -0.12,1.12499 -0.378,1.3734 -10.49996,-0.8742 -0.624,0.2508 -0.126,0 0.126,-0.75 -0.498,0.6234 -0.37799,-0.2484 0.49799,-0.6258 0,-0.2508 -0.246,-0.1242 0.996,-1.87499 -3.74998,-2.12579 0.12599,-0.2484 0.504,-0.375 -0.126,-0.6258 0.126,-0.37499 -0.378,0 0,0.1242 -1.00199,-0.1242 -0.12,0.62579 -0.252,0.1242 0,0.1242 -0.876,0.375 0,-0.1242 -0.126,0 0,0.1242 -0.126,0 0,0.1266 -0.12,0 0,0.1242 -0.126,0 0,0.1242 -0.37799,0.1266 0,0.1242 0,-0.375 -0.624,-0.1242 -0.498,-0.375 0.126,-0.375 -0.876,-0.50159 -1.62599,0.12659 0,0.375 -0.126,0 -0.126,-0.375 -0.624,0 0.498,1.6242 -0.498,0.375 -0.62399,-0.375 -0.624,-0.1242 0.126,-1.125 -0.5022,0 -1.0008,0.375 -0.49919,-0.5016 -0.5016,-1.37339 -2.62499,-0.1266 0.1266,-0.4992 -2.87579,-0.2508 0,-0.2484 -3.49919,0.4992 -1.49999,-0.375 -1.37579,7.24917 0.62579,1.2516 -0.62579,0.2484 0.25079,0.6258 -2.37659,0.74999 -0.62339,-1.37579 -2.0016,-9.37496 1.6266,-3.12419 -2.00159,-1.6242 -3.74999,1.7484 0.1266,-1.6242 -2.00159,-0.49919 -0.9984,1.12499 -1.12499,-0.2508 0.1242,-0.2508 0.1242,0 0.1266,-0.2484 0.62339,-0.50159 0.375,-0.4992 0.8766,-0.6258 0.1242,-0.375 0.2508,-0.1242 0,-0.1242 0.2484,-0.1266 -0.1242,-0.74999 -0.6258,-1.125 -0.1242,-1.24919 7.24917,1.49999 1.62659,-1.37579 -0.375,-0.2484 -0.12659,0.2484 -1.2492,-0.6234 1.125,-1.2516 -1.5,-0.87419 0.2508,-0.2508 -0.2508,-0.2484 -0.2508,0.1242 -1.62419,-1.0008 -0.75,0.5016 -0.1242,0.375 -0.87659,-0.5016 0.74999,-0.75 0.375,-0.1242 -0.4992,0.75 0.2508,0.2508 0.6234,-1.12499 -4.99918,-2.99999 0.4992,-1.2516 -1.125,-0.375 -0.62339,0.1266 -0.6258,-0.2508 -1.2492,-1.12499 -0.1266,-0.2508 -0.2484,-0.1242 -1.12499,-1.99919 -0.1266,0 0,-0.1266""

</svg>


</div>


</body>










<style type="text/css">
  .area {
    stroke: black;
    stroke-width: 2px;
    fill: #E9FFE9;
  }
  .city {
    stroke: black;
    stroke-width: 2px;
    fill: red;
  }
</style>
<object data="Outline_Map_of_Mordovia.svg" type="image/svg+xml" id="imap" width="500" height="420"></object>